4294967278,425
333,48
333,175
333,66
333,60
333,174
333,69
333,76
4294967278,418
333,173
4294967279,493
333,172
333,171
333,170
333,169
333,168
4294967279,483
333,167
4294967278,137
4294967278,255
333,166
333,165
333,164
333,163
4294967278,239
4294967278,231
4294967278,225
333,162
89,12
89,11
333,28
333,161
4294967278,299
4294967279,449
4294967279,245
4294967279,241
4294967279,239
4294967279,235
4294967279,229
4294967278,289
4294967279,506
4294967279,474
4294967279,462
333,160
4294967279,316
79,219
79,218
4294967278,256
333,159
4294967278,380
4294967278,439
80,120
4294967278,366
192,9
4294967278,363
4294967279,298
4294967294,1607
4294967294,1421
4294967293,131
4294967293,130
4294967293,129
4294967293,128
4294967293,127
4294967293,126
4294967293,125
4294967293,124
4294967293,123
4294967293,122
4294967293,121
4294967293,120
4294967293,119
4294967293,118
4294967293,117
4294967293,116
4294967293,115
4294967293,114
4294967293,113
4294967293,112
4294967293,111
4294967293,110
4294967293,109
4294967293,108
4294967293,107
4294967293,106
4294967293,105
4294967293,104
4294967293,103
4294967293,102
4294967293,101
4294967293,100
4294967293,99
4294967293,98
4294967293,97
4294967293,96
4294967293,95
4294967293,94
4294967293,93
4294967293,92
4294967293,91
4294967293,90
4294967293,89
4294967293,88
4294967293,87
4294967293,86
4294967293,85
4294967293,84
4294967293,83
4294967293,82
4294967293,81
4294967293,80
4294967293,79
4294967293,78
4294967293,77
4294967293,76
4294967293,75
4294967293,74
4294967293,73
4294967293,72
4294967293,71
4294967293,70
4294967293,69
4294967293,68
4294967293,67
4294967293,66
4294967293,65
4294967293,64
4294967293,63
4294967293,62
4294967293,61
4294967293,60
4294967293,59
4294967293,58
4294967293,57
4294967293,56
4294967293,55
4294967293,54
4294967293,53
4294967293,52
4294967293,51
4294967293,50
4294967293,49
4294967293,48
4294967293,47
4294967293,46
4294967293,45
4294967293,44
4294967293,43
4294967293,42
4294967293,41
4294967293,40
4294967293,39
4294967293,38
4294967293,37
4294967293,36
4294967293,35
4294967293,34
4294967293,33
4294967293,32
4294967293,31
4294967293,30
4294967293,29
4294967293,28
4294967293,27
4294967293,26
4294967293,25
4294967293,24
4294967293,23
4294967293,22
4294967293,21
4294967293,20
4294967293,19
4294967293,18
4294967293,17
4294967293,16
4294967293,15
4294967293,14
4294967293,13
4294967293,12
4294967293,11
4294967293,10
4294967293,9
4294967293,8
4294967293,7
4294967293,6
4294967293,5
4294967293,4
4294967293,3
4294967293,2
4243767290,0
4243767289,0
4243767288,0
4243767287,0
4243767286,0
4243767285,0
4243767284,0
4243767283,0
4243767282,0
4243767281,0
4294967293,0
4294967279,473
4294967279,202
4294967279,203
4294967279,89
4294967279,204
4294967279,205
4294967279,90
4294967279,438
4294967279,91
4294967279,92
4294967279,482
4294967279,206
4294967279,427
4294967279,456
4294967279,207
4294967279,93
4294967279,208
4294967279,209
4294967279,94
4294967279,464
4294967279,95
4294967279,96
4294967279,453
4294967279,210
4294967279,290
4294967279,440
4294967279,211
4294967279,97
4294967279,212
4294967279,213
4294967279,98
4294967279,507
4294967279,280
4294967279,99
4294967279,100
4294967279,214
4294967279,282
4294967279,299
4294967279,138
4294967279,101
4294967279,102
4294967279,216
4294967279,218
4294967279,508
4294967279,220
4294967279,103
4294967279,104
4294967279,222
4294967279,457
4294967279,105
4294967279,465
4294967279,106
4294967279,224
4294967279,226
4294967279,228
4294967279,411
4294967279,107
4294967279,108
4294967279,109
4294967279,230
4294967279,275
4294967279,232
4294967279,286
4294967279,110
4294967279,234
4294967279,236
4294967279,111
4294967279,443
4294967279,112
4294967279,113
4294967279,444
4294967279,237
4294967279,425
4294967279,238
4294967279,256
4294967279,114
4294967279,240
4294967279,115
4294967279,242
4294967279,487
4294967279,116
4294967279,117
4294967279,509
4294967279,244
4294967279,490
4294967279,477
4294967279,246
4294967279,248
4294967279,118
4294967279,249
4294967279,119
4294967279,120
4294967279,454
4294967279,121
4294967279,253
4294967279,430
4294967279,250
4294967279,466
4294967279,384
4294967279,122
4294967279,254
4294967279,123
4294967279,391
4294967279,124
4294967279,385
4294967279,445
4294967279,125
4294967279,395
4294967279,255
4294967279,393
4294967279,426
4294967279,486
4294967279,126
4294967279,127
4294967279,396
4294967279,397
4294967279,128
4294967279,399
4294967279,422
4294967279,129
4294967279,420
4294967279,386
4294967279,130
4294967279,131
4294967278,441
4294967279,132
4294967278,423
4294967278,385
4294967278,334
4294967278,4
4294967278,386
4294967278,257
4294967278,5
4294967278,258
4294967278,6
4294967278,278
4294967278,408
4294967278,259
4294967278,7
4294967278,445
4294967278,261
4294967278,387
4294967278,389
4294967278,263
4294967278,8
4294967278,9
4294967278,10
4294967278,264
4294967278,393
4294967278,11
4294967278,391
4294967278,392
4294967278,282
4294967278,266
4294967278,280
4294967278,265
4294967278,12
4294967278,394
4294967278,409
4294967278,13
4294967278,14
4294967278,15
4294967278,268
4294967278,359
4294967278,410
4294967278,320
4294967278,16
4294967278,269
4294967278,271
4294967278,270
4294967278,395
4294967278,17
4294967278,18
4294967278,19
4294967278,424
4294967278,272
4294967278,133
4294967278,20
4294967278,396
4294967278,411
4294967278,21
4294967278,134
4294967278,135
4294967278,22
4294967278,412
4294967278,397
4294967278,23
4294967278,276
4294967278,398
4294967278,136
4294967278,138
4294967278,426
4294967278,139
4294967278,24
4294967278,25
4294967278,26
4294967278,27
4294967278,413
4294967278,429
4294967278,400
4294967278,401
4294967278,140
4294967278,141
4294967278,142
4294967278,143
4294967278,28
4294967278,29
4294967278,30
4294967278,338
4294967278,322
4294967278,31
4294967278,333
4294967278,402
4294967278,144
4294967278,145
4294967278,146
4294967278,147
4294967278,32
4294967278,33
4294967278,34
4294967278,35
4294967278,414
4294967278,415
4294967278,308
4294967278,403
4294967278,148
4294967278,149
4294967278,150
4294967278,151
4294967278,36
4294967278,37
4294967278,307
4294967278,38
4294967278,39
4294967278,404
4294967278,292
4294967278,153
4294967278,352
4294967278,152
4294967278,154
4294967278,155
4294967278,40
4294967278,41
4294967278,42
4294967278,339
4294967278,432
4294967278,43
4294967278,274
4294967278,156
4294967278,157
4294967278,158
4294967278,159
4294967278,44
4294967278,45
4294967278,46
4294967278,47
4294967278,382
4294967278,310
4294967278,160
4294967278,326
4294967278,161
4294967278,162
4294967278,48
4294967278,163
4294967278,49
4294967278,50
4294967278,427
4294967278,51
4294967278,273
4294967278,343
4294967278,164
4294967278,165
4294967278,166
4294967278,167
4294967278,52
4294967278,53
4294967278,54
4294967278,55
4294967278,288
4294967278,300
4294967278,301
4294967278,168
4294967278,169
4294967278,371
4294967278,170
4294967278,56
4294967278,57
4294967278,171
4294967278,399
4294967278,58
4294967278,341
4294967278,275
4294967278,59
4294967278,172
4294967278,173
4294967278,372
4294967278,175
4294967278,60
4294967278,61
4294967278,176
4294967278,62
4294967278,435
4294967278,177
4294967278,63
4294967279,503
4294967279,470
4294967279,87
4294967279,86
4294967279,84
4294967279,201
4294967279,199
4294967279,257
4294967279,83
4294967279,471
4294967279,475
4294967279,82
4294967279,80
4294967279,196
4294967279,195
4294967279,194
4294967279,79
4294967279,78
4294967279,77
4294967279,192
4294967279,76
4294967279,296
4294967279,295
4294967279,75
4294967279,73
4294967279,505
4294967279,188
4294967279,187
4294967279,484
4294967279,419
4294967279,186
4294967279,185
4294967279,69
4294967279,68
4294967279,184
4294967279,67
4294967279,319
4294967279,461
4294967279,451
4294967279,66
4294967279,289
4294967279,64
4294967279,179
4294967279,63
4294967279,500
4294967279,294
4294967279,177
4294967279,61
4294967279,293
4294967279,176
4294967279,173
4294967279,59
4294967279,499
4294967279,172
4294967279,58
4294967279,56
4294967279,437
4294967279,170
4294967279,169
4294967279,308
4294967279,252
4294967279,168
4294967279,54
4294967279,53
4294967279,52
4294967279,167
4294967279,166
4294967279,164
4294967279,485
4294967279,498
4294967279,450
4294967279,49
4294967279,47
4294967279,163
4294967279,161
4294967279,160
4294967279,251
4294967279,460
4294967279,46
4294967279,44
4294967279,43
4294967279,281
4294967279,156
4294967279,442
4294967279,468
4294967279,441
4294967279,41
4294967279,40
4294967279,154
4294967279,152
4294967279,151
4294967279,428
4294967279,38
4294967279,407
4294967279,37
4294967279,36
4294967279,424
4294967279,149
4294967279,147
4294967279,34
4294967279,436
4294967279,146
4294967279,33
4294967279,31
4294967279,278
4294967279,144
4294967279,30
4294967279,423
4294967279,404
4294967279,142
4294967279,28
4294967279,27
4294967279,141
4294967279,139
4294967279,26
4294967279,417
4294967279,416
4294967279,25
4294967279,23
4294967279,137
4294967279,136
4294967279,135
4294967279,22
4294967279,261
4294967279,133
4294967279,20
4294967279,19
4294967279,291
4294967279,283
4294967279,18
4294967279,17
4294967279,398
4294967279,16
4294967279,273
4294967279,15
4294967279,394
4294967279,392
4294967279,389
4294967279,14
4294967279,414
4294967279,12
4294967279,432
4294967279,11
4294967279,10
4294967279,421
4294967279,266
4294967279,9
4294967294,414
4294967294,1455
4294967294,1841
4294967294,419
4294967294,29
4294967294,396
4294967294,1449
4294967294,36
4294967294,37
4294967294,38
4294967294,1800
4294967294,40
4294967294,42
4294967294,1844
4294967294,1807
4294967294,426
4294967294,44
4294967294,390
4294967294,1845
4294967294,1835
4294967294,1834
4294967294,1842
4294967294,439
4294967294,1821
4294967294,48
4294967294,51
4294967294,1816
4294967294,1847
4294967294,388
4294967294,418
4294967294,52
4294967294,1801
4294967294,1806
4294967294,73
4294967294,75
4294967294,77
4294967294,78
4294967294,80
4294967294,82
4294967294,170
4294967294,1085
4294967294,1065
4294967294,1152
4294967294,83
4294967294,84
4294967294,85
4294967294,87
4294967294,90
4294967294,91
4294967294,97
4294967294,1819
4294967294,99
4294967294,100
4294967294,102
4294967294,104
4294967294,105
4294967294,107
4294967294,1420
4294967294,167
4294967294,1447
4294967294,114
4294967294,162
4294967294,111
4294967294,112
4294967294,113
4294967294,166
4294967294,117
4294967294,118
4294967294,120
4294967294,1537
4294967294,468
4294967294,464
4294967294,1636
4294967294,460
4294967294,1084
4294967294,1826
4294967294,187
4294967294,407
4294967294,179
4294967294,159
4294967294,400
4294967294,1068
4294967294,1815
4294967294,1452
4294967294,1824
4294967294,1810
4294967294,389
4294967294,1436
4294967294,1080
4294967294,1067
4294967294,1082
4294967294,1076
4294967294,5
4294967294,18
4294967294,19
4294967294,127
4294967294,12
4294967294,14
4294967294,422
4294967294,454
4294967294,600
4294967294,583
4294967294,158
4294967294,467
4294967294,160
4294967294,163
4294967294,384
4294967294,1159
4294967294,164
4294967294,169
4294967294,1163
4294967294,486
4294967294,172
4294967294,173
4294967294,175
4294967294,191
4294967294,1164
4294967294,1165
4294967294,177
4294967294,182
4294967294,184
4294967294,188
4294967294,58
4294967294,8
79,84
79,137
79,164
79,204
79,211
79,253
4294967294,590
79,262
79,267
79,275
79,279
79,287
79,293
79,294
79,296
79,297
79,299
79,301
79,302
79,304
79,305
79,307
80,1
80,92
80,99
80,103
80,108
80,109
80,111
80,113
80,114
80,116
80,117
80,119
87,1
87,10
87,18
87,22
87,28
87,30
87,35
87,38
87,39
87,41
87,42
87,44
87,45
89,1
98,1
98,10
98,13
192,6
192,7
192,11
274,1
333,5
333,11
333,18
333,21
333,26
333,34
333,38
333,46
333,51
333,55
333,56
333,59
333,62
333,65
333,70
333,72
333,73
333,75
333,130
333,134
333,136
333,137
333,139
333,140
333,142
333,144
333,145
333,147
333,148
333,150
333,151
333,153
333,155
333,156
333,158
365,1
365,9
365,15
365,17
365,20
365,21
365,26
365,28
365,29
365,31
365,32
371,9
371,1
371,12
371,14
371,15
4294967278,217
4294967278,219
4294967278,223
4294967278,229
4294967278,233
4294967278,241
4294967278,243
4294967278,247
4294967278,249
4294967278,267
4294967278,287
4294967278,290
4294967278,295
4294967278,296
4294967278,303
4294967278,309
4294967278,311
4294967278,314
4294967278,315
4294967278,317
4294967278,318
4294967278,350
4294967278,367
4294967278,369
4294967278,377
4294967278,378
4294967278,417
4294967279,215
4294967279,217
4294967279,221
4294967279,223
4294967279,227
4294967279,233
4294967279,247
4294967279,300
4294967279,301
4294967279,303
4294967279,304
4294967279,306
4294967279,310
4294967279,311
4294967279,313
4294967279,314
4294967279,317
4294967279,390
4294967279,435
4294967279,452
4294967279,455
4294967279,459
4294967279,467
4294967279,478
4294967279,481
4294967279,489
4294967279,492
4294967279,494
4294967279,496
4294967279,502
4294967279,510
4294967294,393
4294967294,430
4294967294,1618
4294967294,1623
4294967294,1811
4294967294,1827
4294967294,1828
4294967294,1850
4294967294,1171
